1145 1374 103
1 340 23 13 22 0
1 485 27 46 26 22
1 454 29 16 30 48
1 639 55 11 11 78
1 797 102 8 26 89
1 860 110 52 30 115
1 796 188 9 7 145
1 832 189 43 67 152
1 205 224 59 104 219
1 875 278 23 41 323
1 168 335 23 46 364
1 842 349 89 343 410
1 863 350 9 16 753
1 917 353 13 26 769
1 814 357 19 30 795
0 844 368 7 18 825
1 867 374 11 12 843
1 925 380 106 163 855
1 860 382 6 16 1018
1 167 396 61 83 1034
0 1010 403 19 22 1117
0 829 407 7 10 1139
0 220 424 9 29 1149
0 997 430 8 15 1178
0 207 442 10 12 1193
0 939 443 8 11 1205
1 265 449 16 41 1216
1 115 474 18 39 1257
1 895 475 7 13 1296
1 251 489 53 29 1309
1 845 498 13 24 1338
0 926 501 33 27 1362
1 245 504 8 18 1389
1 901 509 22 45 1407
1 949 510 38 59 1452
0 109 545 76 40 1511
1 286 552 13 26 1551
1 214 566 46 84 1577
1 892 572 14 20 1661
0 317 574 9 25 1681
0 106 577 44 105 1706
1 1045 604 19 24 1811
0 280 608 8 24 1835
1 836 625 13 12 1859
1 236 626 25 34 1871
1 810 656 17 19 1905
1 917 663 11 11 1924
0 148 669 172 72 1935
1 896 674 18 14 2007
1 98 693 121 220 2021
1 852 700 14 9 2241
0 206 704 49 50 2250
1 790 709 24 32 2300
1 974 717 75 122 2332
0 836 723 65 53 2454
1 230 732 65 106 2507
1 268 733 9 10 2613
0 153 748 90 119 2623
0 801 749 10 10 2742
1 835 753 50 63 2752
0 283 757 23 23 2815
1 300 780 9 11 2838
0 916 787 10 10 2849
0 228 790 11 18 2859
1 789 794 11 11 2877
0 828 794 6 17 2888
0 980 800 10 12 2905
1 943 813 23 51 2917
1 222 819 7 15 2968
0 190 819 127 282 2983
0 235 838 7 12 3265
1 211 848 20 44 3277
0 236 851 11 20 3321
1 981 855 18 19 3341
0 205 867 15 31 3360
1 155 882 48 55 3391
0 220 898 13 29 3446
1 950 906 25 6 3475
1 122 908 29 45 3481
1 949 913 42 18 3526
1 286 929 25 19 3544
0 302 961 10 18 3563
1 143 973 55 79 3581
0 312 974 11 15 3660
1 858 978 27 11 3675
0 909 985 15 11 3686
1 311 1001 15 18 3697
1 201 1012 61 81 3715
0 119 1016 9 9 3796
1 867 1017 35 38 3805
1 838 1029 20 16 3843
0 148 1042 16 29 3859
1 833 1045 7 11 3888
1 822 1051 7 13 3899
1 839 1060 48 72 3912
1 130 1063 7 9 3984
1 943 1069 26 32 3993
1 264 1076 20 36 4025
0 236 1090 16 11 4061
1 847 1119 107 95 4072
1 800 1225 29 32 4167
1 850 1228 14 10 4199
0 887 1267 17 15 4209
